I
1050 Generated by WorldEditor

1    995 1 0 EPKT PYRZOWICE
100 45.72 2 1 0.00 1 2 0 09  50.47609956  019.05917109    0    0 3 7 1 1 27  50.47599903  019.10442880  326    0 3 2 1 1
110 1 0.00 0.0000 New Taxiway 1
111  50.46913002  019.08341165
111  50.46913002  019.08349455
111  50.46937332  019.08349455
113  50.46937320  019.08341165
110 2 0.00 0.0000 płyta C
112  50.47219979  019.06845690  50.47215804  019.06851153
111  50.47210269  019.06850181
111  50.47199821  019.06850150
112  50.47196408  019.06847776  50.47195033  019.06845088
111  50.47195194  019.06840777
111  50.47182317  019.06841103
111  50.47122601  019.06840602
111  50.47122484  019.07094754
111  50.47226429  019.07094787
113  50.47226388  019.06829401
110 2 0.00 0.0000 Płyta A
111  50.47149015  019.07347583
111  50.47149015  019.07421340
111  50.47157152  019.07439256
111  50.47157038  019.07629699
111  50.47226352  019.07630122
113  50.47226503  019.07347151
110 2 0.00 0.0000 płyta B
111  50.47141213  019.07094361
111  50.47141197  019.07348817
111  50.47226456  019.07347512
113  50.47226429  019.07094787
110 2 0.00 0.0000 long apron
111  50.47226348  019.07629370
111  50.47106982  019.07629246
111  50.47106500  019.08714504
111  50.47131256  019.08714403
111  50.47193817  019.08712854
114  50.47225851  019.08751866  50.47225940  019.08796293
110 2 0.00 0.0000 APRON 2
111  50.47222244  019.09990065
111  50.47234729  019.10024994
111  50.47234445  019.10059944
111  50.47226898  019.10060060
111  50.47227103  019.10338051
111  50.47275975  019.10433507
111  50.47292745  019.10442230
111  50.47412434  019.10442170
111  50.47413595  019.10275836
111  50.47402494  019.10275919
111  50.47270032  019.10002333
112  50.47265223  019.09991020  50.47262368  019.09983524
113  50.47260944  019.09979012
110 2 0.00 0.0000 APRON 3
111  50.47216997  019.09255498
112  50.47212099  019.09280476  50.47207213  019.09287103
111  50.47197342  019.09286148
111  50.47114266  019.09286148
111  50.47114422  019.09584361
111  50.47114422  019.09709328
111  50.47187512  019.09709022
111  50.47187494  019.09717874
111  50.47165582  019.09717791
111  50.47165637  019.09990231
111  50.47222244  019.09990065
111  50.47218814  019.09941904
111  50.47214261  019.09941749
111  50.47214068  019.09863164
111  50.47206861  019.09863352
111  50.47207273  019.09717767
111  50.47193968  019.09717708
111  50.47193968  019.09708757
111  50.47217918  019.09708811
113  50.47217353  019.09583978
110 2 0.00 0.0000 Taxiway E0
111  50.47222460  019.09447465
111  50.47216761  019.09447585
111  50.47217353  019.09583978
111  50.47217918  019.09708811
111  50.47217926  019.09898538
111  50.47218415  019.09960925
111  50.47222244  019.09990065
111  50.47260944  019.09979012
112  50.47253070  019.09951143  50.47249425  019.09934009
111  50.47248227  019.09908132
111  50.47248007  019.09532532
113  50.47256555  019.09447471
110 1 0.00 0.0000 zatoczka
111  50.47412434  019.10442170
111  50.47529659  019.10441490
111  50.47529800  019.10373307
111  50.47473039  019.10373162
112  50.47459661  019.10362714  50.47453314  019.10351959
111  50.47452120  019.10335580
111  50.47450460  019.10256505
113  50.47413566  019.10256370
110 1 0.00 0.0000 Taxiway S
111  50.47454752  019.09397795
111  50.47548185  019.09397698
112  50.47568306  019.09409109  50.47576440  019.09422529
111  50.47581558  019.09439632
111  50.47581897  019.09282506
112  50.47568425  019.09315657  50.47558529  019.09325243
111  50.47547914  019.09323143
111  50.47475794  019.09323143
112  50.47462508  019.09316965  50.47456815  019.09309510
113  50.47454645  019.09297795
110 1 0.00 59.0000 Taxiway N
111  50.47459321  019.06907383
112  50.47468691  019.06887128  50.47477947  019.06885726
111  50.47487794  019.06903119
112  50.47545393  019.07053641  50.47568243  019.07120838
111  50.47586086  019.07275214
112  50.47577281  019.06954037  50.47570572  019.06993106
111  50.47556710  019.06965738
113  50.47459202  019.06704282
110 2 0.00 0.0000 Taxiway B
111  50.47246014  019.06763147 53 102
111  50.47250884  019.06680624 53 102
112  50.47278796  019.06643435  50.47301810  019.06643434 53 102
111  50.47370223  019.06643365
112  50.47402332  019.06697506  50.47402999  019.06745954
111  50.47402837  019.06550980
112  50.47370328  019.06600139  50.47341054  019.06601867 53 102
111  50.47327960  019.06602962 53 102
111  50.47244410  019.06603332 53 102
112  50.47226470  019.06629288  50.47225866  019.06652905 53 102
113  50.47226208  019.06763265
110 2 0.00 0.0000 MAIN Taxiway E
111  50.47246734  019.08690405
111  50.47246485  019.08394633 3 102
111  50.47246690  019.07484163
111  50.47246568  019.07326383 53 102
111  50.47246557  019.07195874
111  50.47246392  019.07046765 53 102
111  50.47246012  019.06762719
111  50.47226206  019.06762838
111  50.47226387  019.06829411
111  50.47225849  019.08751877 53 102
111  50.47225730  019.09209873
113  50.47246421  019.09209835 53 102
110 2 0.00 90.0000 Taxiway H1
111  50.47403117  019.05466945
111  50.47402941  019.06051820
111  50.47428822  019.06051581
111  50.47428885  019.05999874
111  50.47432473  019.05999880
111  50.47432567  019.05977176
111  50.47438533  019.05977208
111  50.47438530  019.05965106
111  50.47445182  019.05965108
111  50.47445244  019.05956636
111  50.47452560  019.05956619
111  50.47452529  019.05948211
111  50.47459499  019.05948171
111  50.47459355  019.05917011
113  50.47459132  019.05467017
110 1 0.00 0.0000 New Taxiway 1
111  50.47459132  019.05467017
111  50.47459215  019.05448365
111  50.47403147  019.05448218
113  50.47403117  019.05466945
110 1 0.00 90.0000 Taxiway H2
111  50.47438530  019.05965106
111  50.47438533  019.05977208
111  50.47432567  019.05977176
111  50.47432473  019.05999880
111  50.47428885  019.05999874
111  50.47428822  019.06051581
111  50.47402941  019.06051820
111  50.47402885  019.06550708
111  50.47402295  019.06697009
111  50.47402431  019.06730499
111  50.47459217  019.06730579
111  50.47459836  019.06002744
111  50.47459499  019.05948171
111  50.47452529  019.05948211
111  50.47452560  019.05956619
111  50.47445244  019.05956636
113  50.47445182  019.05965108
110 1 0.00 90.0000 Taxiway H3
111  50.47402431  019.06730499
111  50.47401196  019.07298097
111  50.47401107  019.07386688
111  50.47400889  019.07427888
111  50.47458312  019.07428591
111  50.47459321  019.06907383
113  50.47459217  019.06730579
110 1 0.00 90.0000 Taxiway H4
111  50.47400889  019.07427888
111  50.47400724  019.07495974
111  50.47399309  019.08484465
111  50.47399421  019.08563349
111  50.47456032  019.08563241
113  50.47458312  019.07428591
110 1 0.00 90.0000 Taxiway H5
111  50.47399421  019.08563349
111  50.47399606  019.08615633
111  50.47401584  019.09273879
111  50.47454645  019.09297795
113  50.47456032  019.08563241
110 1 0.00 0.0000 Taxiway FSH
111  50.47401584  019.09273879
112  50.47385685  019.09316578  50.47371038  019.09331671
111  50.47358293  019.09332193
111  50.47357796  019.09375790
111  50.47343586  019.09398288
111  50.47454955  019.09397918
113  50.47454719  019.09297395
110 2 0.00 0.0000 Taxiway F
111  50.47246423  019.09209825
111  50.47225732  019.09209862 53 102
111  50.47225814  019.09382896
111  50.47353044  019.09383864
111  50.47357796  019.09375790
111  50.47358293  019.09332193 53 102
111  50.47268015  019.09331623 53 102
114  50.47250444  019.09297913  50.47248780  019.09263622 3 102
110 2 0.00 0.0000 Taxiway D
111  50.47246736  019.08690394 53 102
111  50.47252980  019.08617396 53 102
112  50.47269256  019.08588691  50.47283572  019.08586705 53 102
111  50.47318550  019.08581532 53 102
111  50.47370613  019.08581233
111  50.47370626  019.08545215 53 102
111  50.47319288  019.08545178 53 102
111  50.47268833  019.08540115 53 102
112  50.47253848  019.08513802  50.47252854  019.08489773 53 102
113  50.47246487  019.08394623
110 1 0.00 90.0000 Taxiway D (2)
111  50.47399315  019.08509901
111  50.47395190  019.08530042
111  50.47370626  019.08545215
111  50.47370613  019.08581233
111  50.47385617  019.08583645
111  50.47395430  019.08593816
113  50.47399606  019.08615633
110 2 0.00 0.0000 Taxiway A
111  50.47246692  019.07484153 53 102
112  50.47272310  019.07444905  50.47287365  019.07443946 53
111  50.47356589  019.07444348 53
111  50.47380307  019.07451855
111  50.47380342  019.07407911 53
111  50.47354924  019.07410915 53
111  50.47277419  019.07410644 53
111  50.47268806  019.07407989 53 102
111  50.47259539  019.07396458 53 102
111  50.47250997  019.07378147 53 102
113  50.47246570  019.07326373
110 1 0.00 90.0000 Taxiway 2A
111  50.47401107  019.07386896
111  50.47380342  019.07407911
111  50.47380307  019.07451855
111  50.47390819  019.07464651
113  50.47400724  019.07495974
110 1 0.00 0.0000 Taxiway T
111  50.47579848  019.10219212
111  50.47529800  019.10373307
111  50.47529659  019.10441490
113  50.47579317  019.10440881
110 1 0.00 0.0000 Taxiway L
111  50.47640837  019.05917396
111  50.47640837  019.05874744
111  50.47577490  019.05874872
111  50.47577576  019.05902009
111  50.47459338  019.05901753
111  50.47459790  019.06040075
112  50.47467955  019.06003558  50.47475031  019.05986411
111  50.47485375  019.05988381
111  50.47562790  019.05988423
112  50.47579246  019.06002203  50.47586770  019.06017815
111  50.47589074  019.06048415
113  50.47589372  019.05917032
110 1 0.00 225.0000 Taxiway U
111  50.47260809  019.07070687
111  50.47260752  019.07172468
111  50.47393746  019.07387757
113  50.47393627  019.07286133
110 2 0.00 0.0000 stand40
111  50.47222460  019.09447465
111  50.47312362  019.09447693 53 102
111  50.47353044  019.09383864
113  50.47225684  019.09382896
110 1 0.00 0.0000 New Taxiway 41
111  50.47536561  019.06652073
111  50.47556945  019.06652174
112  50.47574794  019.06666638  50.47583216  019.06682497
111  50.47587617  019.06710906
111  50.47587983  019.06534515
112  50.47574678  019.06572788  50.47567030  019.06585470
111  50.47556923  019.06586062
113  50.47536691  019.06586060
110 1 0.00 120.0000 New Taxiway 40
111  50.47529380  019.09084502
111  50.47559833  019.09007743
112  50.47572773  019.09001182  50.47580863  019.09007489
111  50.47582474  019.09029206
111  50.47583141  019.08724529
112  50.47559058  019.08866683  50.47550221  019.08914197
111  50.47539664  019.08949184
113  50.47499800  019.09055176
110 1 0.00 90.0000 Strip E0
111  50.47265214  019.09447445
111  50.47256555  019.09447471
111  50.47248007  019.09532532
111  50.47248227  019.09908132
112  50.47255568  019.09961286  50.47262289  019.09984655
111  50.47270032  019.10002333
111  50.47413351  019.10298855
111  50.47413566  019.10256370
111  50.47402632  019.10256404
111  50.47276456  019.09995127
112  50.47262652  019.09955574  50.47256783  019.09930560
111  50.47256005  019.09908088
113  50.47256186  019.09532279
110 1 0.00 90.0000 Strip 2 E1
111  50.47246969  019.08688931
111  50.47246423  019.09209825
111  50.47250444  019.09297913
112  50.47268015  019.09331623  50.47284918  019.09331922
111  50.47287893  019.09331786
111  50.47281129  019.09329044
112  50.47259928  019.09295963  50.47258845  019.09270118
111  50.47255461  019.09209588
111  50.47255559  019.08690839
111  50.47261876  019.08623267
112  50.47272324  019.08604408  50.47281723  019.08602543
111  50.47318859  019.08594765
111  50.47376836  019.08594562
112  50.47390567  019.08604188  50.47397233  019.08611669
111  50.47399663  019.08624803
111  50.47399606  019.08615633
111  50.47395430  019.08593816
111  50.47385617  019.08583645
111  50.47371313  019.08581185
111  50.47318550  019.08581532
111  50.47269256  019.08588691
114  50.47252980  019.08617396  50.47250369  019.08646038
110 1 0.00 90.0000 strip E2
112  50.47246692  019.07484153  50.47246635  019.07491675
111  50.47246487  019.08394623
112  50.47253848  019.08513802  50.47255008  019.08539229
111  50.47268833  019.08540115
111  50.47319288  019.08545178
111  50.47370626  019.08545215
111  50.47395190  019.08530042
111  50.47399315  019.08509901
111  50.47399309  019.08484465
112  50.47387645  019.08513246  50.47379306  019.08524625
111  50.47369337  019.08529195
111  50.47291774  019.08527754
112  50.47268718  019.08521487  50.47262604  019.08515140
111  50.47261617  019.08499321
111  50.47255807  019.08406232
113  50.47255807  019.07460907
110 2 0.00 0.0000 strip 2 B
111  50.47370069  019.06584006
111  50.47219927  019.06584107
112  50.47220001  019.06829356  50.47219862  019.06846399
111  50.47206879  019.06845695
111  50.47202383  019.06847121
111  50.47199821  019.06850150
111  50.47210269  019.06850181
112  50.47219979  019.06845690  50.47224312  019.06840067
111  50.47226388  019.06829401
111  50.47226208  019.06762827
112  50.47226470  019.06629288  50.47227075  019.06605671
111  50.47244410  019.06603332
111  50.47314228  019.06602923
111  50.47327960  019.06602962
113  50.47370099  019.06600162
110 1 0.00 90.0000 strip 3 B
112  50.47392744  019.06585294  50.47402205  019.06569389
111  50.47402885  019.06550708
112  50.47402404  019.06529130  50.47401749  019.06579596
111  50.47370069  019.06584006
113  50.47370099  019.06599652
110 1 0.00 90.0000 strip 1 B
112  50.47255147  019.07061511  50.47255295  019.07061860
111  50.47254906  019.06762652
112  50.47260254  019.06682939  50.47262885  019.06659634
111  50.47279680  019.06658302
112  50.47370040  019.06657855  50.47377826  019.06658246
112  50.47393418  019.06678495  50.47401173  019.06693090
111  50.47402485  019.06716393
112  50.47394146  019.06662433  50.47382950  019.06644684
111  50.47370565  019.06642915
112  50.47278796  019.06642997  50.47255782  019.06642998
111  50.47250884  019.06680186
111  50.47246014  019.06762709
111  50.47246570  019.07326373
111  50.47250997  019.07378147
111  50.47259539  019.07396458
111  50.47268806  019.07407989
111  50.47277419  019.07410644
111  50.47280098  019.07410655
111  50.47279212  019.07407930
111  50.47269512  019.07403620
111  50.47261833  019.07393835
111  50.47255822  019.07377879
111  50.47255662  019.07190254
111  50.47260752  019.07172468
113  50.47260809  019.07070687
110 2 0.00 0.0000 strip E1
112  50.47222599  019.08730454  50.47219052  019.08721478
111  50.47216826  019.08720692
111  50.47216761  019.09447585
111  50.47222460  019.09447465
111  50.47225814  019.09382896
113  50.47225849  019.08751877
110 1 0.00 0.0000 LS apron
111  50.47106865  019.08253176
112  50.47090531  019.08286636  50.47078035  019.08286636
111  50.46913042  019.08287425
111  50.46913145  019.08302478
111  50.46913106  019.08341165
111  50.47025956  019.08340781
111  50.47026057  019.08301378
111  50.47090794  019.08301626
114  50.47106838  019.08321633  50.47107003  019.08343110
120 Linear Feature 2
111  50.47402961  019.05886156 53 102
111  50.47435770  019.05886175 53 102
111  50.47449094  019.05886113 53 102
111  50.47449004  019.05917872 53 102
112  50.47434728  019.05958045  50.47418747  019.05979631 53 102
115  50.47418607  019.06027059
120 Linear Feature 5
111  50.47236126  019.07627777 51
111  50.47203044  019.07628196 51
112  50.47197912  019.07626952  50.47195732  019.07625574 51
111  50.47194415  019.07623934 51
115  50.47162498  019.07579906
120 Linear Feature 5
111  50.47236121  019.07559568 51
111  50.47203019  019.07559962 51
112  50.47197887  019.07558718  50.47195707  019.07557339 51
111  50.47194389  019.07555700 51
115  50.47162476  019.07511672
120 Linear Feature 5
111  50.47236092  019.07492936 51
111  50.47202994  019.07493339 51
112  50.47197862  019.07492095  50.47195683  019.07490717 51
111  50.47194365  019.07489077 51
115  50.47162454  019.07445049
120 Linear Feature 5
111  50.47236083  019.07428674 51
111  50.47202969  019.07429094 51
112  50.47197836  019.07427850  50.47195657  019.07426471 51
111  50.47194339  019.07424832 51
115  50.47162432  019.07380803
120 Linear Feature 5
111  50.47236049  019.07341575 51
111  50.47203109  019.07341663 51
112  50.47197304  019.07341232  50.47193944  019.07340601 51
111  50.47191353  019.07339159 51
115  50.47150672  019.07318647
120 Linear Feature 1
111  50.47234132  019.09990237 53 102
112  50.47250124  019.10052079  50.47256487  019.10084453 53 102
115  50.47256706  019.10154387
120 Linear Feature 2
111  50.47225557  019.09285063 2
115  50.47249811  019.09285057
120 Linear Feature 2
111  50.47417794  019.06516977 2
115  50.47441302  019.06517008
120 Linear Feature 2
111  50.47420791  019.06922323 2
115  50.47441901  019.06922270
120 Linear Feature 2
111  50.47416914  019.07340964 2
115  50.47440386  019.07340918
120 Linear Feature 2
111  50.47416160  019.07520640 2
115  50.47440128  019.07520559
120 Linear Feature 2
111  50.47413238  019.08489037 2
115  50.47438604  019.08488953
120 Linear Feature 2
111  50.47413786  019.08632789 2
115  50.47438780  019.08633062
120 Linear Feature 2
111  50.47411489  019.09277272 2
115  50.47444082  019.09277267
120 Linear Feature 2
111  50.47448800  019.05870640 2
115  50.47459308  019.05870551
120 Linear Feature 2
111  50.47418547  019.06119437 2
115  50.47441578  019.06119471
120 Linear Feature 2
111  50.47486530  019.05916831 2
115  50.47486610  019.05973861
120 Linear Feature 2
111  50.47368605  019.06600323 2
115  50.47368500  019.06643176
120 Linear Feature 2
111  50.47282419  019.07410625 2
115  50.47282419  019.07444494
120 Linear Feature 2
111  50.47364718  019.07409732 2
115  50.47364718  019.07446879
120 Linear Feature 2
111  50.47284939  019.08541641 2
115  50.47284939  019.08586463
120 Linear Feature 2
111  50.47373539  019.08545237 2
115  50.47373539  019.08581207
120 Linear Feature 2
111  50.47272876  019.09331830 2
115  50.47272876  019.09383071
120 Linear Feature 2
111  50.47361379  019.09332371 2
115  50.47361379  019.09383613
120 Linear Feature 2
111  50.47441186  019.06610229 53 102
111  50.47441084  019.06128674 53 102
115  50.47445249  019.06053066
120 Linear Feature 1
111  50.47418348  019.06501702 53 102
112  50.47403974  019.06573634  50.47389138  019.06598519 53 102
115  50.47370328  019.06600139
120 Linear Feature 1
111  50.47418607  019.06027059 53 102
115  50.47418348  019.06501702
120 Linear Feature 4
111  50.47448835  019.05909979
115  50.47448481  019.05478359
120 Linear Feature 3
111  50.47263300  019.07097185 2
115  50.47270260  019.07085920
120 Linear Feature 2
111  50.47263300  019.07129924 1
115  50.47263300  019.07097185
120 Linear Feature 1
111  50.47252555  019.07079570
115  50.47376479  019.07281607
120 Linear Feature 4
111  50.47379996  019.07275556 51
112  50.47383597  019.07287081  50.47383597  019.07292188 51
111  50.47383580  019.07306324 51
111  50.47383622  019.07326535 51
112  50.47377029  019.07341093  50.47370609  019.07342188 51
112  50.47369091  019.07320727  50.47373076  019.07311384 51
111  50.47379958  019.07316211 51
115  50.47383597  019.07287081
120 Linear Feature 1
111  50.47214841  019.08718527 53 102
112  50.47222599  019.08730454  50.47226147  019.08739430 53 102
115  50.47225851  019.08751866
120 Linear Feature 8
111  50.47171318  019.07471163
115  50.47171214  019.07618931
120 Linear Feature 5
111  50.47198900  019.07229429
115  50.47198750  019.07132710
120 Linear Feature 4
111  50.47160455  019.07138766
115  50.47160455  019.07284910
120 Linear Feature 4
111  50.47152288  019.07142639
115  50.47152288  019.07288784
120 Linear Feature 3
111  50.47163734  019.07605048
115  50.47163552  019.07441207
120 Linear Feature 2
111  50.47198198  019.06865862
115  50.47197905  019.07028595
120 Linear Feature 1
111  50.47144632  019.07126586
115  50.47144543  019.07219587
120 Linear Feature 2
111  50.47370565  019.06642915
112  50.47395580  019.06658065  50.47407001  019.06675269
111  50.47408247  019.06680484
115  50.47489761  019.06887660
120 Linear Feature 21
111  50.47459355  019.05901967 53 102
111  50.47459132  019.05467017 53 102
115  50.47403117  019.05466945
120 Linear Feature 20
111  50.47430885  019.06873045 51 101
112  50.47456475  019.06838042  50.47479037  019.06838005 51 101
115  50.47492135  019.06858896
120 Linear Feature 18
111  50.47246559  019.07195864 53 102
112  50.47251072  019.07170704  50.47255814  019.07165435 53 102
111  50.47260587  019.07171883 53 102
111  50.47388230  019.07378900 53 102
111  50.47388291  019.07277459 53 102
115  50.47246601  019.07047646
120 Linear Feature 14
111  50.47370613  019.08581233 53 102
112  50.47400563  019.08594477  50.47412877  019.08611249 53 102
111  50.47413786  019.08632789 53 102
111  50.47416350  019.08742518 53 102
111  50.47417727  019.09215135 53 102
111  50.47410735  019.09284788 53 102
112  50.47395315  019.09320025  50.47381986  019.09334253 53 102
115  50.47358293  019.09332193
120 Linear Feature 13
111  50.47380307  019.07451855 53 102
112  50.47405592  019.07475271  50.47415079  019.07492492 53 102
111  50.47416160  019.07520640 53 102
111  50.47418607  019.07629095 53 102
111  50.47417157  019.08394521 53 102
111  50.47413238  019.08489037 53 102
112  50.47399852  019.08531163  50.47388687  019.08548035 53 102
115  50.47370626  019.08545215
120 Linear Feature 10
111  50.47370223  019.06643365 53 102
112  50.47403607  019.06668030  50.47414754  019.06691573 53
111  50.47415451  019.06710134 53 102
111  50.47421000  019.06820578 53 102
111  50.47420100  019.07243633 53 102
111  50.47416914  019.07340964 53 102
112  50.47404035  019.07389772  50.47392005  019.07405901 53 102
115  50.47380342  019.07407911
120 Linear Feature 6
111  50.47607149  019.06058984 51 101
112  50.47595315  019.05971626  50.47581881  019.05942706 51 101
111  50.47559397  019.05945960 51 101
111  50.47475096  019.05945749 51 101
112  50.47444132  019.05967078  50.47427113  019.05991689 51 101
111  50.47429274  019.06046430 51 101
115  50.47429364  019.06527637
120 Linear Feature 2
111  50.47247155  019.07335211 2
115  50.47225492  019.07335211
120 Linear Feature 2
111  50.47246630  019.07522749 2
115  50.47224967  019.07522749
120 Linear Feature 4
111  50.47235963  019.07069371 51
112  50.47239427  019.07057405  50.47242749  019.07054497 51
115  50.47246232  019.07058577
120 Linear Feature 3
111  50.47235949  019.07025389 51
112  50.47239531  019.07046710  50.47243013  019.07053047 51
111  50.47246232  019.07058577 51
115  50.47379996  019.07275556
120 Linear Feature 68
111  50.47226208  019.06762827 53 102
115  50.47226388  019.06829401
120 Linear Feature 67
111  50.47226388  019.06829401 53
112  50.47219228  019.06853786  50.47212079  019.06863012 53
115  50.47204007  019.06861495
120 Linear Feature 66
111  50.47608880  019.06057393 51
111  50.47609127  019.06010160 51
112  50.47627264  019.05970687  50.47629534  019.05955551 51
112  50.47606727  019.05924921  50.47590349  019.05924316 51
111  50.47582946  019.05949911 51
111  50.47607101  019.06024358 51
115  50.47606971  019.06108216
120 Linear Feature 65
111  50.47554258  019.07016944 51 101
112  50.47587581  019.07024869  50.47606500  019.07004283 51 101
115  50.47607684  019.06945440
120 Linear Feature 6
111  50.47450011  019.06904945
115  50.47445336  019.09295357
120 Linear Feature 6
111  50.47459321  019.06907383
115  50.47454645  019.09297795
120 Linear Feature 60
111  50.47331677  019.10259897 52
112  50.47345494  019.10226291  50.47348639  019.10205485 52
115  50.47338239  019.10177408
120 Linear Feature 59
111  50.47379637  019.10262845 52
112  50.47356516  019.10247795  50.47342955  019.10246434 52
111  50.47331677  019.10259897 52
111  50.47288014  019.10310235 52
112  50.47274528  019.10321796  50.47269303  019.10321720 52
111  50.47269463  019.10317378 51 101
115  50.47269308  019.10248263
120 Linear Feature 54
111  50.47363556  019.10412695 52
112  50.47399786  019.10369144  50.47407379  019.10324954 52
115  50.47385871  019.10275718
120 Linear Feature 52
112  50.47357089  019.10412838  50.47345688  019.10413118 52
112  50.47328717  019.10352265  50.47328561  019.10316379 52
111  50.47328721  019.10173352 52
116  50.47321571  019.10143004  50.47313922  019.10126967
120 Linear Feature 51
111  50.47472384  019.10410323 51 101
111  50.47357089  019.10412838 51 101
112  50.47336827  019.10410038  50.47330456  019.10406472 51 101
111  50.47323818  019.10394392 51 101
111  50.47283107  019.10310868 51 101
112  50.47272795  019.10285565  50.47269296  019.10272971 51 101
111  50.47269308  019.10248263 51 101
111  50.47269423  019.10062256 51 101
112  50.47268779  019.10041528  50.47267942  019.10033237 51 101
115  50.47265233  019.10026702
120 Linear Feature 50
111  50.47226517  019.09931308 53 102
112  50.47234132  019.09990237  50.47239638  019.10011294
111  50.47239636  019.10032577
111  50.47239243  019.10304271
111  50.47285533  019.10396112
111  50.47301391  019.10426583
111  50.47361704  019.10426485 53 102
115  50.47579405  019.10426476
120 Linear Feature 48
111  50.47583928  019.10232210 53 102
111  50.47540713  019.10371459 53 102
112  50.47535590  019.10383309  50.47532367  019.10388230 53 102
111  50.47530379  019.10386621 53 102
111  50.47479243  019.10386314 53 102
112  50.47458368  019.10379612  50.47449112  019.10372829 53 102
111  50.47444106  019.10362087 53 102
111  50.47270032  019.10002333 53 102
112  50.47257248  019.09967363  50.47249010  019.09940339 53 102
115  50.47248185  019.09907900
120 Linear Feature 45
111  50.47248185  019.09907900 53 102
111  50.47247980  019.09532243 53 102
111  50.47256555  019.09447471 53 102
115  50.47265214  019.09447445
120 Linear Feature 43
111  50.47114422  019.09709328 53 102
115  50.47226302  019.09708724
120 Linear Feature 43
111  50.47225859  019.09584038 53 102
111  50.47114422  019.09584361 53 102
111  50.47114422  019.09584361 53 102
111  50.47114422  019.09584361 53 102
111  50.47114422  019.09584361 53 102
111  50.47114422  019.09584361 53 102
115  50.47114422  019.09584361
120 Linear Feature 11
112  50.47452084  019.09316888  50.47447359  019.09305533 53 102
111  50.47445155  019.09286541 53 102
111  50.47438070  019.09215188 53 102
111  50.47440256  019.06988627 53 102
111  50.47442522  019.06895846 53 102
112  50.47462679  019.06866628  50.47482784  019.06868703 53 102
115  50.47489875  019.06888720
120 Linear Feature 36
112  50.47581767  019.09305837  50.47575033  019.09344318 53 102
111  50.47550577  019.09340703 53 102
111  50.47476551  019.09340845 53 102
116  50.47452084  019.09316888  50.47443128  019.09292526
120 Linear Feature 34
111  50.47353044  019.09383864 53 102
111  50.47550229  019.09382582 53 102
116  50.47581197  019.09418890  50.47587127  019.09452716
120 Linear Feature 29
111  50.47489761  019.06887660 53 102
111  50.47530149  019.06987129 53 102
112  50.47565411  019.07100102  50.47579006  019.07162682 53 102
115  50.47586086  019.07275214
120 Linear Feature 25
111  50.47586999  019.06936723 53 102
112  50.47569303  019.06988894  50.47557121  019.06992782 53 102
111  50.47548530  019.06969678 53 102
111  50.47459217  019.06730579 53 102
112  50.47445291  019.06677008  50.47441669  019.06655760 53 102
115  50.47441186  019.06610229
120 Linear Feature 4
111  50.47301359  019.09400221 51
111  50.47301311  019.09424120 51
112  50.47259087  019.09424120  50.47254109  019.09424075 51
116  50.47236931  019.09396592  50.47236853  019.09372217
120 Linear Feature 3
111  50.47265214  019.09447445 53 102
115  50.47312435  019.09447578
120 Linear Feature 3
111  50.47225814  019.09382896 53 102
115  50.47225859  019.09584038
120 Linear Feature 3
111  50.47226302  019.09708724 53 102
115  50.47226517  019.09931308
120 Linear Feature 2
111  50.47236728  019.09678736 52 101
115  50.47128515  019.09679538
120 Linear Feature 2
111  50.47236789  019.09647260 51 101
115  50.47121715  019.09648126
120 Linear Feature 2
111  50.47236827  019.09616225 52 101
115  50.47128404  019.09617058
120 Linear Feature 3
111  50.47157212  019.07271703 51 101
115  50.47236020  019.07271126
120 Linear Feature 3
111  50.47157194  019.07206811 51 101
115  50.47236003  019.07206218
120 Linear Feature 3
111  50.47157254  019.07141140 51 101
115  50.47235969  019.07140562
120 Linear Feature 3
111  50.47169747  019.07407019
115  50.47236014  019.07406523
120 Linear Feature 3
111  50.47169799  019.07471388
115  50.47236014  019.07470881
120 Linear Feature 3
111  50.47169443  019.07537912
115  50.47236113  019.07537402
120 Linear Feature 3
111  50.47169613  019.07596060
115  50.47236044  019.07595555
120 Linear Feature 3
111  50.47137808  019.07070114 52
115  50.47235963  019.07069371
120 Linear Feature 3
111  50.47136418  019.07040401 51
115  50.47235960  019.07039646
120 Linear Feature 3
111  50.47137794  019.07008865 52
115  50.47235942  019.07008127
120 Linear Feature 3
111  50.47137994  019.06945328 52 101
115  50.47235923  019.06944587
120 Linear Feature 3
111  50.47136075  019.06913840 51
115  50.47235906  019.06913123
120 Linear Feature 3
111  50.47138015  019.06881499 52 101
115  50.47235903  019.06880755
120 Linear Feature 3
111  50.47136243  019.07682516 51 101
115  50.47236136  019.07681751
120 Linear Feature 3
111  50.47136441  019.08091628 52
115  50.47236307  019.08090867
120 Linear Feature 3
111  50.47136420  019.08023850 52
115  50.47236253  019.08023090
120 Linear Feature 3
111  50.47136224  019.07745893 51 101
115  50.47236174  019.07745132
120 Linear Feature 3
111  50.47133426  019.07857570 51 101
115  50.47236195  019.07856815
120 Linear Feature 3
111  50.47133198  019.07951130 51 101
115  50.47236252  019.07950346
120 Linear Feature 3
111  50.47129071  019.08561635 51
115  50.47236419  019.08560798
120 Linear Feature 3
111  50.47133210  019.08045051 51
115  50.47236286  019.08044229
120 Linear Feature 3
111  50.47137980  019.08671487 52
115  50.47236475  019.08670767
120 Linear Feature 3
111  50.47138762  019.08166605 51
115  50.47236299  019.08165857
120 Linear Feature 3
111  50.47138533  019.08229483 51
115  50.47236308  019.08228761
120 Linear Feature 3
111  50.47138586  019.08326053 51
115  50.47236341  019.08325307
120 Linear Feature 3
111  50.47138293  019.08388689 51
115  50.47236380  019.08387952
120 Linear Feature 3
111  50.47138209  019.08452120 51
115  50.47236415  019.08451374
120 Linear Feature 3
111  50.47138195  019.08545367 52
115  50.47236332  019.08544604
120 Linear Feature 3
111  50.47137326  019.08609139 52
115  50.47236454  019.08608410
120 Linear Feature 3
111  50.47127945  019.08655144 51
115  50.47236461  019.08654334
120 Linear Feature 3
111  50.47599412  019.10196071 51
111  50.47599533  019.10228652 51
111  50.47549926  019.10383234 51
112  50.47579012  019.10419850  50.47603311  019.10421007 51
112  50.47611831  019.10351505  50.47605572  019.10311588 51
111  50.47601522  019.10284977 51
115  50.47601734  019.10244435
120 Linear Feature 22
111  50.47472616  019.09361414 51 101
115  50.47371434  019.09360081
120 Linear Feature 13
111  50.47581544  019.06577357 106
115  50.47581145  019.06669011
120 Linear Feature 12
111  50.47572055  019.08804276 106
115  50.47571264  019.08999237
120 Linear Feature 2
111  50.47402295  019.06697009
115  50.47459321  019.06907383
120 Linear Feature 8
111  50.47390669  019.10251626 4 103
115  50.47370496  019.10277314
120 Linear Feature 8
111  50.47361704  019.10397210 4 103
115  50.47361704  019.10426485
120 Linear Feature 7
111  50.47514704  019.09340980 4 103
115  50.47514709  019.09382582
120 Linear Feature 6
111  50.47528906  019.06917144 4 103
116  50.47509567  019.06936613  50.47501012  019.06945325
120 Linear Feature 5
111  50.47589372  019.05917032 53 102
111  50.47464517  019.05917061 53 102
115  50.47459355  019.05901967
120 Linear Feature 4
111  50.47521659  019.05916940 54 103
115  50.47521770  019.05974145
120 Linear Feature 28
111  50.47266792  019.08563879 51 101
116  50.47236424  019.08505395  50.47236334  019.08444179
120 Linear Feature 27
111  50.47388379  019.08563373 51 101
116  50.47427375  019.08500718  50.47427559  019.08443247
120 Linear Feature 15
111  50.47428000  019.09280467 51 101
111  50.47427209  019.08615481 51 101
111  50.47427375  019.08500718 51 101
111  50.47429146  019.07487687 51 101
111  50.47429313  019.07360004 51 101
111  50.47430885  019.06873045 51 101
112  50.47426781  019.06702264  50.47423316  019.06681135 51 101
115  50.47415193  019.06662498
120 Linear Feature 26
111  50.47427209  019.08615481 51 101
112  50.47388379  019.08563373  50.47356042  019.08562581 51 101
111  50.47266792  019.08563879 51 101
116  50.47236466  019.08625321  50.47236495  019.08690594
120 Linear Feature 25
111  50.47385302  019.07428685 51 101
112  50.47414042  019.07407560  50.47426612  019.07389063 51 101
115  50.47429313  019.07360004
120 Linear Feature 22
111  50.47262084  019.07428294 51 101
116  50.47236059  019.07380381  50.47235914  019.07339641
120 Linear Feature 21
111  50.47429146  019.07487687 51 101
112  50.47413964  019.07446379  50.47401888  019.07430002 51 101
111  50.47385302  019.07428685 51 101
111  50.47262084  019.07428294 51 101
116  50.47236088  019.07475479  50.47236092  019.07516238
120 Linear Feature 20
111  50.47236757  019.09318690 51 101
115  50.47236931  019.09396592
120 Linear Feature 19
111  50.47269572  019.09359563 51 101
112  50.47236931  019.09396592  50.47237280  019.09433652 51 101
111  50.47236299  019.09911577 51 101
112  50.47265233  019.10026702  50.47299969  019.10098438 51 101
111  50.47429623  019.10366015 51 101
112  50.47472384  019.10410323  50.47497252  019.10410580 51 101
111  50.47530422  019.10410388 51 101
116  50.47600234  019.10292970  50.47600044  019.10167933
120 Linear Feature 18
111  50.47560872  019.09361592 51 101
116  50.47602480  019.09417622  50.47601976  019.09468795
120 Linear Feature 17
111  50.47428000  019.09280467 51 101
112  50.47371434  019.09360081  50.47319898  019.09359957 51 101
111  50.47269572  019.09359563 51 101
112  50.47236757  019.09318690  50.47236629  019.09282977 51 101
111  50.47235852  019.06707263 51 101
112  50.47277642  019.06622985  50.47321611  019.06622212 51 101
111  50.47373528  019.06622273 51 101
116  50.47415193  019.06662498  50.47434420  019.06705412
120 Linear Feature 16
111  50.47606692  019.07315515 51 101
112  50.47554258  019.07016944  50.47506398  019.06895713 51 101
111  50.47492135  019.06858896 51 101
116  50.47415193  019.06662498  50.47405035  019.06636481
120 Linear Feature 6
111  50.47429364  019.06527637 51 101
116  50.47373528  019.06622273  50.47319511  019.06622871
120 Linear Feature 2
111  50.47453870  019.05917739 51
112  50.47450813  019.05949666  50.47447679  019.05962362 51
115  50.47444132  019.05967078
120 Linear Feature 3
112  50.47453858  019.05536672  50.47453858  019.05507115 51
112  50.47437229  019.05479495  50.47418972  019.05479360 51
112  50.47412324  019.05493545  50.47412216  019.05506098 51
112  50.47437042  019.05508430  50.47455515  019.05508689 51
115  50.47453858  019.05536672
120 Linear Feature 1
111  50.47453858  019.05536672 51
111  50.47453870  019.05917739 51
112  50.47459677  019.05936986  50.47466130  019.05946496 51
115  50.47475096  019.05945749
120 Linear Feature 5
111  50.47428000  019.09280467 51 101
112  50.47473471  019.09361078  50.47519473  019.09361769 51 101
111  50.47560872  019.09361592 51 101
116  50.47602948  019.09299180  50.47602746  019.09239515
120 Linear Feature 1
111  50.47445249  019.06053066 53 102
112  50.47458991  019.05993675  50.47469757  019.05972259 53 102
111  50.47485527  019.05974112 53 102
111  50.47560183  019.05973971 53 102
116  50.47589293  019.06026618  50.47590279  019.06082510
120 Linear Feature 1
111  50.47403117  019.05466945 53 102
115  50.47402961  019.05886156
21  50.47540262  019.09444208 2 270.2000 3.00 27 PAPI
21  50.47673770  019.06475223 2 90.1900 3.00 09  PAPI-4L
20  50.47461359  019.07325844 89.7000 0 2 {@Y}H4{^u,@L}H3{@Y,^r}A
20  50.47459078  019.08444510 89.7000 0 2 {@Y}H5{^u,@L}H4{@Y,^r}D
20  50.47399328  019.08445890 89.7000 0 2 {@Y}H5{^u,@L}H4{@Y,^r}D
20  50.47398999  019.07328470 89.7000 0 2 {@Y}H4{^u,@L}H3{@Y,^r}A
20  50.47460335  019.07537282 269.4700 0 2 {@Y,^l}A{@L}H4{@Y}H3{^u}
20  50.47459368  019.08680293 269.4700 0 2 {@Y,^l}D{@L}H5{@Y}H4{^u}
20  50.47399178  019.08681674 269.4700 0 2 {@Y,^l}D{@L}H5{@Y}H4{^u}
20  50.47397992  019.07539560 269.4700 0 2 {@Y,^l}A{@L}H4{@Y}H3{^u}
20  50.47567797  019.09007990 138.0700 0 2 {no-entry}
20  50.47569770  019.08792609 129.0800 0 2 {no-entry}
20  50.47575140  019.06672688 179.7900 0 2 {no-entry}
20  50.47575194  019.06566795 180.0300 0 2 {no-entry}
20  50.47275112  019.08607197 358.8300 0 2 {no-entry}
20  50.47274342  019.08520136 358.8300 0 2 {no-entry}
20  50.47121227  019.08566185 179.6100 0 2 {@Y}4
20  50.47119912  019.09693805 179.6100 0 2 {@Y}86
20  50.47115663  019.09665534 179.6100 0 2 {@Y}87
20  50.47119677  019.09629849 179.6100 0 2 {@Y}88
20  50.47128679  019.08549924 179.6100 0 2 {@Y}5
20  50.47121552  019.08329656 179.6100 0 2 {@Y}8
20  50.47121657  019.08233651 179.6100 0 2 {@Y}9
20  50.47121800  019.08170106 179.6100 0 2 {@Y}10
20  50.47121003  019.08049562 179.6100 0 2 {@Y}11
20  50.47121026  019.07955229 179.6100 0 2 {@Y}12
20  50.47121152  019.07860731 179.6100 0 2 {@Y}13
20  50.47121203  019.07751425 179.6100 0 2 {@Y}14
20  50.47153628  019.07537980 179.6100 0 2 {@Y}17
20  50.47121415  019.07687279 179.6100 0 2 {@Y}15
20  50.47463004  019.05691656 270.3800 0 2 {@Y,^l}APRON_4{@L}H1{@@}H1{@Y}APRON_4{^r}
20  50.47461835  019.05879114 90.4900 0 2 {@Y,^l}L{@L}H1{@Y}H2{^ru,@@,^l}APRON_4
20  50.47378386  019.07400174 359.7200 0 2 {@Y}{^l}H3{@L}A{@Y}H4{^r}
20  50.47368520  019.08525301 359.7200 0 2 {@Y}{^l}H4{@L}D{@Y}H5{^r}
20  50.47460261  019.08563761 359.7200 0 2 {@Y}{^l}H4{@L}D{@Y}H5{^r}
20  50.47370014  019.08598069 359.7200 0 2 {@Y}{^l}H4{@L}D{@Y}H5{^r}
20  50.47462554  019.07428506 359.7200 0 2 {@Y}{^l}H3{@L}A{@Y}H4{^r}
20  50.47379227  019.07460069 359.7200 0 2 {@Y}{^l}H3{@L}A{@Y}H4{^r}
20  50.47321835  019.07158863 47.6500 0 2 {@L}U{@Y}APRON_6{^r}
20  50.47273638  019.07079218 47.6500 0 2 {@L}U
20  50.47460779  019.08010525 270.0000 0 2 {@L}H4{@@}H4
20  50.47457658  019.08998657 270.0000 0 2 {@L}H5{@@}H5
20  50.47398410  019.08999770 270.0000 0 2 {@L}H5{@@}H5
20  50.47461194  019.07127086 270.0000 0 2 {@L}E3{@@}E3
20  50.47398174  019.07130665 270.0000 0 2 {@L}H3{@@}H3
20  50.47397415  019.08012272 270.0000 0 2 {@L}H4{@@}H4
20  50.47566915  019.10116949 90.4000 0 2 {@Y}T{^r}
20  50.47634474  019.10116437 90.4000 0 2 {@Y}T{^r}
20  50.47474707  019.10369315 179.9100 0 2 {@Y,^u}APRON_3{@L}T{@@}T
20  50.47394092  019.10230144 231.0900 0 2 {@Y,^l}APRON_3{@L}T{@@}T
20  50.47288467  019.10014300 233.7900 0 2 {@L}T{@Y}E0{^lu,@@,@L}T{@Y}APRON_3{^r}
20  50.47219013  019.09877366 260.0200 0 2 {@L}E0
20  50.47260219  019.09908595 258.9600 0 2 {@L}E0
20  50.47218287  019.09746643 271.0100 0 2 {@Y,^l}APRON_2{@L}E0{@@}E0
20  50.47259420  019.09746403 271.0800 0 2 {@Y,^l}APRON_2{@L}E0{@@}E0
20  50.47461799  019.06590016 270.0000 0 2 {@Y,^l}B{@@}B{^r}
20  50.47567845  019.09197557 90.0000 0 3 {@Y}S{^r}
20  50.47637394  019.09196745 90.0000 0 3 {@Y}S{^r}
20  50.47567716  019.09525143 270.0000 0 3 {@Y}{^l}S
20  50.47636164  019.09525095 270.0000 0 3 {@Y}{^l}S
20  50.47573156  019.07367075 269.4400 0 3 {@Y}{^lu}N
20  50.47641688  019.07367373 269.4400 0 3 {@Y}{^lu}N
20  50.47576362  019.06126974 270.4100 0 3 {@Y}{^l}L
20  50.47642977  019.06127801 270.4100 0 3 {@Y}{^l}L
20  50.47287584  019.06659584 178.9000 0 2 {@Y,^l}E3{@L}B{@@}B
20  50.47257863  019.08759260 270.0000 0 2 {@Y,^l}APRON_1{@L}E1{@Y}D{^r,@@,@L}E1
20  50.47212682  019.08760620 270.0000 0 2 {@Y,^l}APRON_1{@L}E1{@@}E1
20  50.47260186  019.09885434 90.0000 0 2 {@Y,^lu}T{@L}E0{@Y}APRON_2{^u}
20  50.47258800  019.09557555 90.0000 0 2 {@L}E0{@Y}APRON_2{^r,@@,^u}E1{@L}E0{@Y}F{^r}
20  50.47218011  019.06784223 90.0000 0 2 {@L}E3{@Y}APRON_1{^r}
20  50.47257347  019.06739584 270.0000 0 2 {@L}E3{@Y}B{^r}
20  50.47258288  019.07232718 270.0000 0 2 {@L}E3{@Y}U|APRON_6{^rd}
20  50.47258730  019.07546608 269.3600 0 2 {@Y}E3{^u,@L}E2{@Y}A{^r,@@,@L}E2
20  50.47260238  019.08000988 270.0000 0 2 {@L}E2{@@}E2
20  50.47288700  019.09325306 180.0000 0 2 {@Y}{^l}E0{@L}F{@Y}E1{^r}
20  50.47476405  019.09331670 180.0000 0 2 {@L}S{@Y}{^u}F{@Y}{^r}H5
20  50.47478673  019.06902022 239.5600 0 2 {@Y}{^ld}H3{@Y}{^lu}B{@L}N{@Y}H2{^r}
20  50.47398353  019.06476401 88.4500 0 2 {@Y,^lu}N{@L}H2{@Y,^u}H3B{^r,@@,@L}H2
20  50.47366414  019.06660688 359.4800 0 3 {@Y}H2{^l,@L}B{@Y}N{^ru}H3{^r,@@,@L}B
20  50.47462974  019.06085796 270.0000 0 3 {@Y}{^u}H1|APRON_4{@L}H2{@Y}{^l}L
20  50.47537309  019.06908271 58.2800 0 2 {@L}N{@R}09-27CAT_I{@@}{@L}N
20  50.47502640  019.06943037 58.2800 0 2 {@L}N{@R}09-27CAT_I{@@}{@L}N
20  50.47464096  019.06326208 269.9000 0 2 {@L}H2{@@}H2
20  50.47399644  019.06194313 88.6400 0 2 {@L}H2{@@}H2
20  50.47492887  019.05891195 181.0600 0 2 {@Y}{^l}H2{@L}L{@Y}H1|APRON_4{^r}
20  50.47522149  019.05889967 180.0000 0 2 {@L}L{@@}L{@R}09-27CAT_I
20  50.47384162  019.09387231 360.0000 0 2 {@Y}{^l}H5{@L}F{@Y}{^u}S
20  50.47260731  019.09257769 89.2300 0 2 {@Y}{^l}F{@L}E1{@Y}{^u}E0
20  50.47342017  019.10122658 53.6100 0 2 {@L}T{@@}T
20  50.47260029  019.08379458 88.3600 0 2 {@Y}{^l}D{@L}E2{@Y}E1{^u}
20  50.47259267  019.06990029 88.6700 0 2 {@Y,^lu}U|APRON_6{@L}E3
20  50.47259258  019.07332350 90.0000 0 2 {@Y}{^l}A{@L}E3{@Y}E2{^u}
20  50.47470548  019.10445387 360.0000 0 2 {@Y}VOR_114.8_0.78NM
20  50.47513009  019.10370541 360.0000 0 2 {@L}T{@R}09-27CAT_I{@@,@L}T
20  50.47513130  019.10444481 360.0000 0 2 {@L}T{@R}09-27CAT_I{@@,@L}T
20  50.47513606  019.09320578 360.0000 0 2 {@L}S{@R}09-27{@L}S
20  50.47514660  019.09400634 360.0000 0 2 {@L}S{@R}09-27{@L}S
20  50.47522080  019.05991228 360.0000 0 3 {@L}L{@R}09-27CAT_I{@@,@L}L
14  50.47135414  019.07466729  59.06 0 Tower
1300  50.47142712  019.07008828 179.96 gate jets|turboprops Aircraft stand 26
1301 C airline 
1300  50.47142437  019.08671454 179.96 gate jets|turboprops Aircraft stand 1
1301 C airline 
1300  50.47132192  019.08655114 179.96 gate jets|turboprops Aircraft stand 2
1301 C airline 
1300  50.47141634  019.08609108 179.96 gate jets|turboprops Aircraft stand 3
1301 C airline 
1300  50.47142361  019.08452085 179.96 gate jets|turboprops Aircraft stand 6
1301 C airline 
1300  50.47142192  019.08388660 179.96 gate jets|turboprops Aircraft stand 7
1301 C airline 
1300  50.47142476  019.08326017 179.96 gate jets|turboprops Aircraft stand 8
1301 C airline 
1300  50.47142586  019.08229451 179.96 gate jets|turboprops Aircraft stand 9
1301 C airline 
1300  50.47142772  019.08166574 179.96 gate jets|turboprops Aircraft stand 10
1301 C airline 
1300  50.47139188  019.08091606 179.96 gate jets|turboprops Aircraft stand 11L
1301 C airline 
1300  50.47139101  019.08023824 179.96 gate jets|turboprops Aircraft stand 11R
1301 C airline 
1300  50.47136163  019.08045026 179.96 gate jets|turboprops Aircraft stand 11
1301 C airline 
1300  50.47139383  019.07745834 179.96 gate jets|turboprops Aircraft stand 14
1301 C airline 
1300  50.47139459  019.07682493 179.96 gate jets|turboprops Aircraft stand 15
1301 C airline 
1300  50.47172440  019.07593606 -138.62 gate jets|turboprops Aircraft stand 16
1301 C airline 
1300  50.47172929  019.07526167 -138.68 gate jets|turboprops Aircraft stand 17
1301 C airline 
1300  50.47172433  019.07458805 -138.74 gate jets|turboprops Aircraft stand 18
1301 C airline 
1300  50.47172402  019.07394553 -138.90 gate jets|turboprops Aircraft stand 19
1301 C airline 
1300  50.47160463  019.07271670 179.96 gate jets|turboprops Aircraft stand 21
1301 C airline 
1300  50.47160454  019.07141118 179.96 gate jets|turboprops Aircraft stand 23
1301 C airline 
1300  50.47143320  019.06945288 179.96 gate jets|turboprops Aircraft stand 27
1301 C airline 
1300  50.47142665  019.06913793 179.96 gate heavy Aircraft stand 28
1301 C airline 
1300  50.47142740  019.06881438 179.96 gate jets|turboprops Aircraft stand 29
1301 C airline 
1300  50.47276565  019.09424120   0.00 misc jets|turboprops Aircraft stand 40
1301 C none 
1300  50.47299450  019.10344307  52.80 misc jets|turboprops Aircraft stand 70
1301 C none 
1300  50.47269308  019.10201154  90.00 misc jets|turboprops Aircraft stand 71
1301 C none 
1300  50.47328670  019.10305738  90.00 misc jets|turboprops Aircraft stand 72
1301 C none 
1300  50.47133184  019.09679508 179.96 gate jets|turboprops Aircraft stand 86
1301 C cargo 
1300  50.47131056  019.09648034 179.96 gate jets|turboprops Aircraft stand 87
1301 C cargo 
1300  50.47427076  019.05818537 359.94 misc jets|turboprops|props GA aircraft stand 4
1301 C none 
1300  50.47427076  019.05736258 359.94 misc jets|turboprops|props GA aircraft stand 3
1301 C none 
1300  50.47426336  019.05644691 359.94 misc jets|turboprops|props GA aircraft stand 2
1301 C none 
1300  50.47312251  019.07230330 316.29 misc jets|turboprops|props GA aircraft stand 1
1301 C none 
1300  50.47186437  019.09493574 -35.79 gate jets|turboprops Cargo aircraft stand 1
1301 C airline 
1300  50.47189714  019.09934301  39.78 gate jets|turboprops Cargo aircraft stand 2
1301 C airline 
19  50.47287953  019.07573318 1 New Windsock 1
19  50.47278848  019.09779712 1 WS
53 13145 HANDLING
54 12925 TWR
55 12107 APP
1200 
1201  50.47427710  019.08563213 both 0 E0_stop
1201  50.47455331  019.06832596 both 1 E0_stop
1201  50.47490639  019.06855578 both 2 E0_stop
1201  50.47430674  019.06866886 both 3 E0_stop
1201  50.47428795  019.07428049 both 4 E0_stop
1201  50.47236991  019.09361214 both 5 E1_stop
1201  50.47236422  019.08563909 both 6 E2_stop
1201  50.47235953  019.07428785 both 7 E3_stop
1201  50.47235039  019.07048670 both 8 B_stop
1201  50.47235053  019.09961778 both 9 T_stop
1201  50.47450864  019.10410463 both 10 T_stop
1201  50.47428128  019.09360993 both 11 S_stop
1201  50.47601694  019.10410197 both 12 T_stop
1201  50.47602961  019.09361537 both 13 S_stop
1201  50.47606515  019.07149477 both 14 N_stop
1201  50.47607915  019.05948152 both 15 L_start
1202 0 6 twoway taxiway_E D
1202 11 0 twoway taxiway_E E5
1202 4 0 twoway taxiway_E E4
1202 1 3 twoway taxiway_E N
1202 2 1 twoway taxiway_E E0
1202 14 2 twoway taxiway_E N
1204 departure 09,27
1204 arrival 09,27
1202 4 3 twoway taxiway_E E3
1202 7 4 twoway taxiway_E A
1202 9 5 twoway taxiway_E E0
1202 11 5 twoway taxiway_E F
1202 6 5 twoway taxiway_E E1
1202 7 6 twoway taxiway_E E2
1202 8 7 twoway taxiway_E E3
1202 10 12 twoway taxiway_E T
1204 departure 09,27
1204 arrival 09,27
1202 10 9 twoway taxiway_E T
1202 13 12 twoway runway 09/27
1204 departure 09,27
1204 arrival 09,27
1204 ils 09,27
1202 14 13 twoway runway 09/27
1204 departure 09,27
1204 arrival 09,27
1204 ils 09,27
1202 11 13 twoway taxiway_E S
1204 departure 09,27
1204 arrival 09,27
1202 15 14 twoway runway 09/27
1204 departure 09,27
1204 arrival 09,27
1204 ils 09,27
99
